Оператор: Солодянкин Подчезерцев.
Дата и время: 04.06.2019 13:23:31.
 Frequency, Hz
	109,552874
	109,563226
	109,566828
	109,557224
	109,554824
	109,584838
	109,560975
	109,564577
	109,556774
	109,575682
	109,563826
	109,555124
	109,555874
	109,561276
	109,555424
	109,575382
	109,557825
	109,569829
	109,563226
	109,538923
	109,566677
	109,550323
	109,571330
	109,530825
	109,552574
	109,572530
	109,562776
	109,582286
	109,544773
	109,558725
	109,522577
	109,521978
	109,558575
	109,541323
	109,554224
	109,577483
	109,564727
	109,544323
	109,528425
	109,548973
	109,545523
	109,557525
	109,551523
	109,546723
	109,555874
	109,515531
	109,526926
	109,548673
	109,525576
	109,536674
	109,565477
	109,573281
	109,556024
	109,547623
	109,550923
	109,565027
	109,551974
	109,539373
	109,537273
	109,542823
	109,530375
	109,548523
	109,557224
	109,542523
	109,536974
	109,542073
	109,533524
	109,553024
	109,573431
	109,489601
	109,535474
	109,533374
	109,528875
	109,531724
	109,535624
	109,548523
	109,530375
	109,555424
	109,536524
	109,543273
	109,544923
	109,541773
	109,541923
	109,554074
	109,550623
	109,541773
	109,529025
	109,541173
	109,530225
	109,517180
	109,557975
	109,537573
	109,537273
	109,544023
	109,537723
	109,548973
	109,541623
	109,530975
	109,528425
	109,541923

