Оператор: Солодянкин Подчезерцев.
Дата и время: 04.06.2019 13:22:51.
 Frequency, Hz
	9990,009990
	9990,009990
	9991,257650
	9992,505621
	9990,009990
	9990,009990
	9990,009990
	9991,257650
	9990,009990
	9990,009990
	9991,257650
	9990,009990
	9991,257650
	9990,009990
	9988,762642
	9988,762642
	9990,009990
	9990,009990
	9990,009990
	9990,009990
	9990,009990
	9990,009990
	9990,009990
	9990,009990
	9988,762642
	9991,257650
	9990,009990
	9991,257650
	9991,257650
	9988,762642
	9988,762642
	9988,762642
	9990,009990
	9988,762642
	9990,009990
	9988,762642
	9990,009990
	9988,762642
	9990,009990
	9990,009990
	9990,009990
	9988,762642
	9988,762642
	9988,762642
	9991,257650
	9990,009990
	9990,009990
	9990,009990
	9987,515605
	9988,762642
	9990,009990
	9990,009990
	9988,762642
	9990,009990
	9990,009990
	9990,009990
	9988,762642
	9987,515605
	9988,762642
	9988,762642
	9988,762642
	9988,762642
	9988,762642
	9988,762642
	9990,009990
	9990,009990
	9990,009990
	9990,009990
	9988,762642
	9987,515605
	9990,009990
	9990,009990
	9990,009990
	9988,762642
	9988,762642
	9987,515605
	9990,009990
	9988,762642
	9988,762642
	9988,762642
	9988,762642
	9988,762642
	9990,009990
	9988,762642
	9988,762642
	9987,515605
	9988,762642
	9988,762642
	9988,762642
	9988,762642
	9987,515605
	9987,515605
	9987,515605
	9990,009990
	9990,009990
	9988,762642
	9988,762642
	9988,762642
	9988,762642
	9988,762642

