Оператор: Солодянкин Подчезерцев.
Дата и время: 04.06.2019 13:21:43.
 Frequency, Hz
	205,689368
	205,689368
	205,688839
	205,686195
	205,690426
	205,670860
	205,680907
	205,687253
	205,703648
	205,690426
	205,683551
	205,684608
	205,674032
	205,683022
	205,693599
	205,667159
	205,687781
	205,654998
	205,661871
	205,707350
	205,688310
	205,680378
	205,659756
	205,681435
	205,695714
	205,679320
	205,692541
	205,695185
	205,677734
	205,690954
	205,696243
	205,650240
	205,619583
	205,696243
	205,680907
	205,679849
	205,698359
	205,688310
	205,660285
	205,686724
	205,725865
	205,684080
	205,676147
	205,710524
	205,717930
	205,649712
	205,669802
	205,682493
	205,669274
	205,671917
	205,665044
	205,669274
	205,702590
	205,638082
	205,686724
	205,711582
	205,665044
	205,679320
	205,711582
	205,681435
	205,660814
	205,676676
	205,677205
	205,674032
	205,673504
	205,690426
	205,698888
	205,675619
	205,700474
	205,704177
	205,692541
	205,689897
	205,684608
	205,713169
	205,659228
	205,724807
	205,714227
	205,706821
	205,709995
	205,709466
	205,706293
	205,697301
	205,663986
	205,717401
	205,690954
	205,696772
	205,709995
	205,706293
	205,722162
	205,674032
	205,704706
	205,701532
	205,686724
	205,702590
	205,712111
	205,691483
	205,702590
	205,712111
	205,716343
	205,697301

